0,0.066,0,0.066
11.38,0.066426,11.38,0.066349
22.761,0.066855,22.761,0.0667
34.141,0.067286,34.141,0.067053
45.522,0.06772,45.522,0.067407
56.902,0.068156,56.902,0.067763
68.282,0.068595,68.282,0.06812
79.663,0.069036,79.663,0.068479
91.043,0.069479,91.043,0.06884
102.42,0.069926,102.42,0.069203
113.8,0.070374,113.8,0.069567
125.18,0.070825,125.18,0.069933
136.56,0.071279,136.56,0.0703
147.94,0.071735,147.94,0.07067
159.33,0.072194,159.33,0.071041
170.71,0.072655,170.71,0.071414
182.09,0.07312,182.09,0.071788
193.47,0.073586,193.47,0.072164
204.85,0.074055,204.85,0.072542
216.23,0.074527,216.23,0.072922
227.61,0.075002,227.61,0.073303
238.99,0.075479,238.99,0.073687
250.37,0.075958,250.37,0.074071
261.75,0.07644,261.75,0.074458
273.13,0.076925,273.13,0.074847
284.51,0.077413,284.51,0.075237
295.89,0.077903,295.89,0.075629
307.27,0.078396,307.27,0.076023
318.65,0.078892,318.65,0.076418
330.03,0.07939,330.03,0.076816
341.41,0.079891,341.41,0.077215
352.79,0.080395,352.79,0.077616
364.17,0.080901,364.17,0.078018
375.55,0.08141,375.55,0.078423
386.93,0.081922,386.93,0.078829
398.31,0.082436,398.31,0.079237
409.69,0.082953,409.69,0.079647
421.07,0.083473,421.07,0.080059
432.45,0.083996,432.45,0.080472
443.83,0.084521,443.83,0.080888
455.22,0.085049,455.22,0.081305
466.6,0.085579,466.6,0.081724
477.98,0.086113,477.98,0.082144
489.36,0.086649,489.36,0.082567
500.74,0.087183,500.74,0.08299
512.12,0.08772,512.12,0.083415
523.5,0.088259,523.5,0.083841
534.88,0.088801,534.88,0.084269
546.26,0.089346,546.26,0.084699
557.64,0.089893,557.64,0.085131
569.02,0.090442,569.02,0.085564
580.4,0.090994,580.4,0.085999
591.78,0.091548,591.78,0.086436
603.16,0.092105,603.16,0.086875
614.54,0.092664,614.54,0.087315
625.92,0.093226,625.92,0.087757
637.3,0.09379,637.3,0.088201
648.68,0.094357,648.68,0.088646
660.06,0.094927,660.06,0.089094
671.44,0.095498,671.44,0.089543
682.82,0.096073,682.82,0.089994
694.2,0.096649,694.2,0.090446
705.58,0.097229,705.58,0.0909
716.96,0.09781,716.96,0.091356
728.34,0.098394,728.34,0.091814
739.72,0.098981,739.72,0.092273
751.11,0.09957,751.11,0.092735
762.49,0.10016,762.49,0.093197
773.87,0.10076,773.87,0.093662
785.25,0.10135,785.25,0.094128
796.63,0.10195,796.63,0.094597
808.01,0.10255,808.01,0.095066
819.39,0.10316,819.39,0.095538
830.77,0.10376,830.77,0.096011
842.15,0.10437,842.15,0.096486
853.53,0.10498,853.53,0.096963
864.91,0.1056,864.91,0.097442
876.29,0.10622,876.29,0.097922
887.67,0.10683,887.67,0.098404
899.05,0.10746,899.05,0.098888
910.43,0.10808,910.43,0.099373
921.81,0.10871,921.81,0.09986
933.19,0.10934,933.19,0.10035
944.57,0.10997,944.57,0.10084
955.95,0.1106,955.95,0.10133
967.33,0.11123,967.33,0.10183
978.71,0.11186,978.71,0.10232
990.09,0.11249,990.09,0.10281
1001.5,0.11313,1001.5,0.1033
1012.9,0.11376,1012.9,0.1038
1024.2,0.1144,1024.2,0.1043
1035.6,0.11504,1035.6,0.10479
1047,0.11568,1047,0.10529
1058.4,0.11632,1058.4,0.10579
1069.8,0.11697,1069.8,0.10629
1081.1,0.11762,1081.1,0.1068
1092.5,0.11827,1092.5,0.1073
1103.9,0.11892,1103.9,0.10781
1115.3,0.11957,1115.3,0.10832
1126.7,0.12023,1126.7,0.10883
1138,0.12089,1138,0.10934
1149.4,0.12154,1149.4,0.10985
1160.8,0.12221,1160.8,0.11036
1172.2,0.12287,1172.2,0.11088
1183.6,0.12354,1183.6,0.11139
1194.9,0.1242,1194.9,0.11191
1206.3,0.12487,1206.3,0.11243
1217.7,0.12554,1217.7,0.11295
1229.1,0.12622,1229.1,0.11348
1240.5,0.12689,1240.5,0.114
1251.8,0.12757,1251.8,0.11453
1263.2,0.12825,1263.2,0.11505
1274.6,0.12893,1274.6,0.11558
1286,0.12961,1286,0.11611
1297.4,0.1303,1297.4,0.11664
1308.7,0.13098,1308.7,0.11717
1320.1,0.13167,1320.1,0.11771
1331.5,0.13236,1331.5,0.11824
1342.9,0.13305,1342.9,0.11878
1354.3,0.13373,1354.3,0.11932
1365.6,0.13442,1365.6,0.11986
1377,0.1351,1377,0.1204
1388.4,0.13579,1388.4,0.12095
1399.8,0.13648,1399.8,0.12149
1411.2,0.13717,1411.2,0.12204
1422.5,0.13786,1422.5,0.12258
1433.9,0.13855,1433.9,0.12313
1445.3,0.13925,1445.3,0.12368
1456.7,0.13994,1456.7,0.12423
1468.1,0.14064,1468.1,0.12478
1479.4,0.14134,1479.4,0.12532
1490.8,0.14204,1490.8,0.12587
1502.2,0.14274,1502.2,0.12642
1513.6,0.14344,1513.6,0.12697
1525,0.14415,1525,0.12752
1536.4,0.14485,1536.4,0.12807
1547.7,0.14556,1547.7,0.12862
1559.1,0.14627,1559.1,0.12917
1570.5,0.14697,1570.5,0.12973
1581.9,0.14768,1581.9,0.13028
1593.3,0.1484,1593.3,0.13084
1604.6,0.14911,1604.6,0.13139
1616,0.14982,1616,0.13195
1627.4,0.15054,1627.4,0.13251
1638.8,0.15126,1638.8,0.13307
1650.2,0.15197,1650.2,0.13363
1661.5,0.15269,1661.5,0.1342
1672.9,0.15342,1672.9,0.13476
1684.3,0.15414,1684.3,0.13532
1695.7,0.15486,1695.7,0.13589
1707.1,0.15559,1707.1,0.13645
1718.4,0.1563,1718.4,0.13702
1729.8,0.15702,1729.8,0.13759
1741.2,0.15774,1741.2,0.13816
1752.6,0.15846,1752.6,0.13873
1764,0.15918,1764,0.1393
1775.3,0.1599,1775.3,0.13988
1786.7,0.16062,1786.7,0.14045
1798.1,0.16134,1798.1,0.14103
1809.5,0.16207,1809.5,0.1416
1820.9,0.16279,1820.9,0.14218
1832.2,0.16352,1832.2,0.14276
1843.6,0.16424,1843.6,0.14334
1855,0.16497,1855,0.14392
1866.4,0.1657,1866.4,0.1445
1877.8,0.16642,1877.8,0.14508
1889.1,0.16715,1889.1,0.14566
1900.5,0.16788,1900.5,0.14625
1911.9,0.16861,1911.9,0.14683
1923.3,0.16934,1923.3,0.14742
1934.7,0.17007,1934.7,0.14801
1946,0.17081,1946,0.14859
1957.4,0.17154,1957.4,0.14917
1968.8,0.17227,1968.8,0.14975
1980.2,0.17301,1980.2,0.15033
1991.6,0.17375,1991.6,0.15092
2002.9,0.17448,2002.9,0.1515
2014.3,0.17522,2014.3,0.15208
2025.7,0.17596,2025.7,0.15267
2037.1,0.1767,2037.1,0.15325
2048.5,0.17744,2048.5,0.15384
2059.8,0.17818,2059.8,0.15442
2071.2,0.17892,2071.2,0.15501
2082.6,0.17966,2082.6,0.1556
2094,0.18039,2094,0.15619
2105.4,0.18113,2105.4,0.15677
2116.8,0.18187,2116.8,0.15736
2128.1,0.18261,2128.1,0.15795
2139.5,0.18334,2139.5,0.15854
2150.9,0.18408,2150.9,0.15914
2162.3,0.18482,2162.3,0.15973
2173.7,0.18556,2173.7,0.16032
2185,0.1863,2185,0.16091
2196.4,0.18704,2196.4,0.16151
2207.8,0.18778,2207.8,0.1621
2219.2,0.18852,2219.2,0.1627
2230.6,0.18926,2230.6,0.16329
2241.9,0.19,2241.9,0.16389
2253.3,0.19074,2253.3,0.16448
2264.7,0.19149,2264.7,0.16508
2276.1,0.19223,2276.1,0.16568
2287.5,0.19297,2287.5,0.16628
2298.8,0.19372,2298.8,0.16688
2310.2,0.19446,2310.2,0.16748
2321.6,0.1952,2321.6,0.16808
2333,0.19595,2333,0.16868
2344.4,0.19669,2344.4,0.16928
2355.7,0.19744,2355.7,0.16988
2367.1,0.19819,2367.1,0.17049
2378.5,0.19893,2378.5,0.17109
2389.9,0.19968,2389.9,0.1717
2401.3,0.20043,2401.3,0.1723
2412.6,0.20117,2412.6,0.17291
2424,0.20192,2424,0.17351
2435.4,0.20267,2435.4,0.17412
2446.8,0.20342,2446.8,0.17473
2458.2,0.20417,2458.2,0.17533
2469.5,0.20491,2469.5,0.17594
2480.9,0.20566,2480.9,0.17655
2492.3,0.2064,2492.3,0.17715
2503.7,0.20714,2503.7,0.17776
2515.1,0.20789,2515.1,0.17837
2526.4,0.20863,2526.4,0.17898
2537.8,0.20938,2537.8,0.17958
2549.2,0.21012,2549.2,0.18019
2560.6,0.21086,2560.6,0.1808
2572,0.21161,2572,0.18141
2583.3,0.21235,2583.3,0.18202
2594.7,0.2131,2594.7,0.18263
2606.1,0.21384,2606.1,0.18324
2617.5,0.21458,2617.5,0.18385
2628.9,0.21532,2628.9,0.18446
2640.2,0.21607,2640.2,0.18507
2651.6,0.21681,2651.6,0.18568
2663,0.21755,2663,0.18629
2674.4,0.21829,2674.4,0.1869
2685.8,0.21904,2685.8,0.18752
2697.2,0.21978,2697.2,0.18813
2708.5,0.22052,2708.5,0.18874
2719.9,0.22126,2719.9,0.18935
2731.3,0.222,2731.3,0.18996
2742.7,0.22274,2742.7,0.19057
2754.1,0.22348,2754.1,0.19119
2765.4,0.22422,2765.4,0.1918
2776.8,0.22496,2776.8,0.19241
2788.2,0.2257,2788.2,0.19302
2799.6,0.22644,2799.6,0.19364
2811,0.22717,2811,0.19425
2822.3,0.22791,2822.3,0.19486
2833.7,0.22865,2833.7,0.19547
2845.1,0.22939,2845.1,0.19609
2856.5,0.23012,2856.5,0.1967
2867.9,0.23086,2867.9,0.19731
2879.2,0.23159,2879.2,0.19792
2890.6,0.23233,2890.6,0.19854
2902,0.23306,2902,0.19915
2913.4,0.2338,2913.4,0.19976
2924.8,0.23453,2924.8,0.20038
2936.1,0.23526,2936.1,0.20099
2947.5,0.23599,2947.5,0.2016
2958.9,0.23672,2958.9,0.20221
2970.3,0.23745,2970.3,0.20283
2981.7,0.23818,2981.7,0.20344
2993,0.23891,2993,0.20405
3004.4,0.23963,3004.4,0.20466
3015.8,0.24036,3015.8,0.20528
3027.2,0.24108,3027.2,0.20589
3038.6,0.24181,3038.6,0.2065
3049.9,0.24253,3049.9,0.20711
3061.3,0.24325,3061.3,0.20773
3072.7,0.24398,3072.7,0.20834
3084.1,0.2447,3084.1,0.20895
3095.5,0.24542,3095.5,0.20956
3106.8,0.24613,3106.8,0.21017
3118.2,0.24685,3118.2,0.21078
3129.6,0.24757,3129.6,0.2114
3141,0.24829,3141,0.21201
3152.4,0.249,3152.4,0.21262
3163.7,0.24971,3163.7,0.21323
3175.1,0.25043,3175.1,0.21384
3186.5,0.25114,3186.5,0.21445
3197.9,0.25185,3197.9,0.21506
3209.3,0.25256,3209.3,0.21567
3220.6,0.25327,3220.6,0.21628
3232,0.25398,3232,0.21689
3243.4,0.25468,3243.4,0.2175
3254.8,0.25539,3254.8,0.21811
3266.2,0.25609,3266.2,0.21871
3277.5,0.2568,3277.5,0.21932
3288.9,0.2575,3288.9,0.21993
3300.3,0.2582,3300.3,0.22054
3311.7,0.2589,3311.7,0.22115
3323.1,0.2596,3323.1,0.22175
3334.5,0.26029,3334.5,0.22236
3345.8,0.26099,3345.8,0.22297
3357.2,0.26168,3357.2,0.22357
3368.6,0.26238,3368.6,0.22418
3380,0.26307,3380,0.22478
3391.4,0.26376,3391.4,0.22539
3402.7,0.26445,3402.7,0.22599
3414.1,0.26514,3414.1,0.2266
3425.5,0.26582,3425.5,0.2272
3436.9,0.26651,3436.9,0.2278
3448.3,0.26719,3448.3,0.22841
3459.6,0.26788,3459.6,0.22901
3471,0.26856,3471,0.22961
3482.4,0.26924,3482.4,0.23021
3493.8,0.26991,3493.8,0.23082
3505.2,0.27059,3505.2,0.23142
3516.5,0.27127,3516.5,0.23202
3527.9,0.27194,3527.9,0.23262
3539.3,0.27261,3539.3,0.23322
3550.7,0.27328,3550.7,0.23382
3562.1,0.27395,3562.1,0.23442
3573.4,0.27462,3573.4,0.23501
3584.8,0.27528,3584.8,0.23561
3596.2,0.27595,3596.2,0.23621
3607.6,0.27661,3607.6,0.23681
3619,0.27727,3619,0.2374
3630.3,0.27793,3630.3,0.238
3641.7,0.27859,3641.7,0.2386
3653.1,0.27924,3653.1,0.23919
3664.5,0.2799,3664.5,0.23978
3675.9,0.28055,3675.9,0.24038
3687.2,0.2812,3687.2,0.24097
3698.6,0.28185,3698.6,0.24156
3710,0.2825,3710,0.24216
3721.4,0.28314,3721.4,0.24275
3732.8,0.28379,3732.8,0.24334
3744.1,0.28443,3744.1,0.24393
3755.5,0.28507,3755.5,0.24452
3766.9,0.28571,3766.9,0.24511
3778.3,0.28634,3778.3,0.2457
3789.7,0.28698,3789.7,0.24629
3801,0.28761,3801,0.24687
3812.4,0.28824,3812.4,0.24746
3823.8,0.28887,3823.8,0.24805
3835.2,0.2895,3835.2,0.24863
3846.6,0.29012,3846.6,0.24921
3857.9,0.29074,3857.9,0.2498
3869.3,0.29136,3869.3,0.25038
3880.7,0.29198,3880.7,0.25096
3892.1,0.2926,3892.1,0.25155
3903.5,0.29322,3903.5,0.25213
3914.9,0.29383,3914.9,0.25271
3926.2,0.29444,3926.2,0.25329
3937.6,0.29506,3937.6,0.25387
3949,0.29567,3949,0.25444
3960.4,0.29627,3960.4,0.25502
3971.8,0.29688,3971.8,0.2556
3983.1,0.29748,3983.1,0.25617
3994.5,0.29808,3994.5,0.25675
4005.9,0.29868,4005.9,0.25732
4017.3,0.29928,4017.3,0.2579
4028.7,0.29988,4028.7,0.25847
4040,0.30047,4040,0.25904
4051.4,0.30106,4051.4,0.25961
4062.8,0.30165,4062.8,0.26018
4074.2,0.30224,4074.2,0.26075
4085.6,0.30283,4085.6,0.26132
4096.9,0.30341,4096.9,0.26189
4108.3,0.30399,4108.3,0.26245
4119.7,0.30457,4119.7,0.26302
4131.1,0.30515,4131.1,0.26358
4142.5,0.30573,4142.5,0.26415
4153.8,0.3063,4153.8,0.26471
4165.2,0.30687,4165.2,0.26527
4176.6,0.30744,4176.6,0.26583
4188,0.30801,4188,0.26639
4199.4,0.30857,4199.4,0.26695
4210.7,0.30914,4210.7,0.26751
4222.1,0.3097,4222.1,0.26807
4233.5,0.31025,4233.5,0.26862
4244.9,0.31081,4244.9,0.26918
4256.3,0.31136,4256.3,0.26973
4267.6,0.31192,4267.6,0.27029
4279,0.31247,4279,0.27084
4290.4,0.31301,4290.4,0.27139
4301.8,0.31356,4301.8,0.27194
4313.2,0.3141,4313.2,0.27249
4324.5,0.31464,4324.5,0.27304
4335.9,0.31518,4335.9,0.27359
4347.3,0.31571,4347.3,0.27413
4358.7,0.31625,4358.7,0.27468
4370.1,0.31678,4370.1,0.27522
4381.4,0.31731,4381.4,0.27576
4392.8,0.31784,4392.8,0.27631
4404.2,0.31836,4404.2,0.27685
4415.6,0.31889,4415.6,0.27739
4427,0.31941,4427,0.27793
4438.3,0.31994,4438.3,0.27846
4449.7,0.32046,4449.7,0.279
4461.1,0.32097,4461.1,0.27954
4472.5,0.32149,4472.5,0.28007
4483.9,0.322,4483.9,0.2806
4495.3,0.32251,4495.3,0.28113
4506.6,0.32302,4506.6,0.28166
4518,0.32353,4518,0.28219
4529.4,0.32403,4529.4,0.28272
4540.8,0.32454,4540.8,0.28325
4552.2,0.32504,4552.2,0.28378
4563.5,0.32554,4563.5,0.2843
4574.9,0.32603,4574.9,0.28482
4586.3,0.32653,4586.3,0.28535
4597.7,0.32702,4597.7,0.28587
4609.1,0.32751,4609.1,0.28639
4620.4,0.32799,4620.4,0.28691
4631.8,0.32848,4631.8,0.28742
4643.2,0.32896,4643.2,0.28794
4654.6,0.32944,4654.6,0.28845
4666,0.32992,4666,0.28897
4677.3,0.3304,4677.3,0.28948
4688.7,0.33087,4688.7,0.28999
4700.1,0.33135,4700.1,0.2905
4711.5,0.33181,4711.5,0.29101
4722.9,0.33228,4722.9,0.29153
4734.2,0.33275,4734.2,0.29204
4745.6,0.33321,4745.6,0.29255
4757,0.33367,4757,0.29306
4768.4,0.33413,4768.4,0.29357
4779.8,0.33459,4779.8,0.29408
4791.1,0.33504,4791.1,0.29458
4802.5,0.33549,4802.5,0.29509
4813.9,0.33594,4813.9,0.29559
4825.3,0.33639,4825.3,0.2961
4836.7,0.33683,4836.7,0.2966
4848,0.33728,4848,0.2971
4859.4,0.33772,4859.4,0.2976
4870.8,0.33815,4870.8,0.29809
4882.2,0.3386,4882.2,0.29859
4893.6,0.33904,4893.6,0.29909
4904.9,0.33947,4904.9,0.29958
4916.3,0.33991,4916.3,0.30007
4927.7,0.34034,4927.7,0.30057
4939.1,0.34077,4939.1,0.30106
4950.5,0.3412,4950.5,0.30154
4961.8,0.34163,4961.8,0.30203
4973.2,0.34206,4973.2,0.30252
4984.6,0.34248,4984.6,0.303
4996,0.3429,4996,0.30349
5007.4,0.34332,5007.4,0.30397
5018.7,0.34374,5018.7,0.30445
5030.1,0.34416,5030.1,0.30493
5041.5,0.34457,5041.5,0.30541
5052.9,0.34498,5052.9,0.30589
5064.3,0.34539,5064.3,0.30637
5075.6,0.3458,5075.6,0.30684
5087,0.34621,5087,0.30731
5098.4,0.34661,5098.4,0.30779
5109.8,0.34701,5109.8,0.30826
5121.2,0.34741,5121.2,0.30873
5132.6,0.34781,5132.6,0.30919
5143.9,0.34821,5143.9,0.30966
5155.3,0.3486,5155.3,0.31012
5166.7,0.34899,5166.7,0.31059
5178.1,0.34938,5178.1,0.31105
5189.5,0.34977,5189.5,0.31151
5200.8,0.35016,5200.8,0.31197
5212.2,0.35054,5212.2,0.31243
5223.6,0.35092,5223.6,0.31289
5235,0.3513,5235,0.31334
5246.4,0.35168,5246.4,0.3138
5257.7,0.35206,5257.7,0.31425
5269.1,0.35243,5269.1,0.3147
5280.5,0.3528,5280.5,0.31515
5291.9,0.35317,5291.9,0.3156
5303.3,0.35354,5303.3,0.31604
5314.6,0.35391,5314.6,0.31649
5326,0.35427,5326,0.31693
5337.4,0.35463,5337.4,0.31737
5348.8,0.35499,5348.8,0.31781
5360.2,0.35535,5360.2,0.31825
5371.5,0.35571,5371.5,0.31869
5382.9,0.35606,5382.9,0.31913
5394.3,0.35641,5394.3,0.31956
5405.7,0.35676,5405.7,0.31999
5417.1,0.35711,5417.1,0.32043
5428.4,0.35746,5428.4,0.32086
5439.8,0.3578,5439.8,0.32128
5451.2,0.35814,5451.2,0.32171
5462.6,0.35848,5462.6,0.32214
5474,0.35882,5474,0.32256
5485.3,0.35916,5485.3,0.32298
5496.7,0.35949,5496.7,0.3234
5508.1,0.35982,5508.1,0.32382
5519.5,0.36016,5519.5,0.32424
5530.9,0.36049,5530.9,0.32465
5542.2,0.36082,5542.2,0.32507
5553.6,0.36115,5553.6,0.32548
5565,0.36147,5565,0.32589
5576.4,0.3618,5576.4,0.3263
5587.8,0.36212,5587.8,0.32671
5599.1,0.36244,5599.1,0.32711
5610.5,0.36276,5610.5,0.32752
5621.9,0.36308,5621.9,0.32792
5633.3,0.3634,5633.3,0.32832
5644.7,0.36371,5644.7,0.32872
5656,0.36402,5656,0.32912
5667.4,0.36434,5667.4,0.32951
5678.8,0.36464,5678.8,0.32991
5690.2,0.36495,5690.2,0.3303
5701.6,0.36526,5701.6,0.33069
5713,0.36556,5713,0.33108
5724.3,0.36586,5724.3,0.33147
5735.7,0.36616,5735.7,0.33185
5747.1,0.36646,5747.1,0.33224
5758.5,0.36676,5758.5,0.33262
5769.9,0.36706,5769.9,0.333
5781.2,0.36735,5781.2,0.33338
5792.6,0.36764,5792.6,0.33376
5804,0.36793,5804,0.33413
5815.4,0.36822,5815.4,0.33451
5826.8,0.36851,5826.8,0.33488
5838.1,0.36879,5838.1,0.33525
5849.5,0.36908,5849.5,0.33563
5860.9,0.36936,5860.9,0.33601
5872.3,0.36964,5872.3,0.33638
5883.7,0.36992,5883.7,0.33676
5895,0.3702,5895,0.33713
5906.4,0.37047,5906.4,0.3375
5917.8,0.37075,5917.8,0.33787
5929.2,0.37102,5929.2,0.33824
5940.6,0.37129,5940.6,0.33861
5951.9,0.37156,5951.9,0.33897
5963.3,0.37182,5963.3,0.33934
5974.7,0.37209,5974.7,0.3397
5986.1,0.37235,5986.1,0.34006
5997.5,0.37261,5997.5,0.34042
6008.8,0.37288,6008.8,0.34078
6020.2,0.37313,6020.2,0.34114
6031.6,0.37339,6031.6,0.3415
6043,0.37365,6043,0.34185
6054.4,0.3739,6054.4,0.3422
6065.7,0.37415,6065.7,0.34256
6077.1,0.3744,6077.1,0.34291
6088.5,0.37465,6088.5,0.34326
6099.9,0.3749,6099.9,0.3436
6111.3,0.37515,6111.3,0.34395
6122.6,0.37539,6122.6,0.34429
6134,0.37563,6134,0.34464
6145.4,0.37588,6145.4,0.34498
6156.8,0.37612,6156.8,0.34532
6168.2,0.37635,6168.2,0.34566
6179.5,0.37659,6179.5,0.346
6190.9,0.37683,6190.9,0.34633
6202.3,0.37706,6202.3,0.34667
6213.7,0.3773,6213.7,0.347
6225.1,0.37753,6225.1,0.34733
6236.4,0.37776,6236.4,0.34766
6247.8,0.37799,6247.8,0.34799
6259.2,0.37822,6259.2,0.34832
6270.6,0.37845,6270.6,0.34864
6282,0.37867,6282,0.34897
6293.4,0.37889,6293.4,0.34929
6304.7,0.37912,6304.7,0.34961
6316.1,0.37934,6316.1,0.34993
6327.5,0.37956,6327.5,0.35025
6338.9,0.37978,6338.9,0.35056
6350.3,0.37999,6350.3,0.35088
6361.6,0.38021,6361.6,0.35119
6373,0.38042,6373,0.35151
6384.4,0.38063,6384.4,0.35182
6395.8,0.38085,6395.8,0.35213
6407.2,0.38105,6407.2,0.35243
6418.5,0.38126,6418.5,0.35274
6429.9,0.38147,6429.9,0.35305
6441.3,0.38168,6441.3,0.35335
6452.7,0.38188,6452.7,0.35365
6464.1,0.38208,6464.1,0.35395
6475.4,0.38229,6475.4,0.35425
6486.8,0.38249,6486.8,0.35455
6498.2,0.38268,6498.2,0.35484
6509.6,0.38288,6509.6,0.35514
6521,0.38308,6521,0.35543
6532.3,0.38327,6532.3,0.35572
6543.7,0.38347,6543.7,0.35601
6555.1,0.38366,6555.1,0.3563
6566.5,0.38385,6566.5,0.35659
6577.9,0.38404,6577.9,0.35687
6589.2,0.38423,6589.2,0.35716
6600.6,0.38442,6600.6,0.35744
6612,0.3846,6612,0.35772
6623.4,0.38479,6623.4,0.358
6634.8,0.38497,6634.8,0.35828
6646.1,0.38515,6646.1,0.35855
6657.5,0.38533,6657.5,0.35883
6668.9,0.38551,6668.9,0.3591
6680.3,0.38569,6680.3,0.35937
6691.7,0.38587,6691.7,0.35964
6703,0.38604,6703,0.35991
6714.4,0.38622,6714.4,0.36018
6725.8,0.38639,6725.8,0.36044
6737.2,0.38656,6737.2,0.36071
6748.6,0.38674,6748.6,0.36097
6759.9,0.38691,6759.9,0.36124
6771.3,0.38707,6771.3,0.36151
6782.7,0.38724,6782.7,0.36177
6794.1,0.38741,6794.1,0.36204
6805.5,0.38757,6805.5,0.3623
6816.8,0.38774,6816.8,0.36257
6828.2,0.3879,6828.2,0.36283
6839.6,0.38806,6839.6,0.36309
6851,0.38822,6851,0.36335
6862.4,0.38839,6862.4,0.36361
6873.7,0.38855,6873.7,0.36387
6885.1,0.3887,6885.1,0.36412
6896.5,0.38886,6896.5,0.36438
6907.9,0.38902,6907.9,0.36463
6919.3,0.38917,6919.3,0.36488
6930.7,0.38933,6930.7,0.36513
6942,0.38948,6942,0.36538
6953.4,0.38963,6953.4,0.36563
6964.8,0.38979,6964.8,0.36588
6976.2,0.38994,6976.2,0.36613
6987.6,0.39009,6987.6,0.36637
6998.9,0.39023,6998.9,0.36661
7010.3,0.39038,7010.3,0.36686
7021.7,0.39053,7021.7,0.3671
7033.1,0.39067,7033.1,0.36734
7044.5,0.39082,7044.5,0.36758
7055.8,0.39096,7055.8,0.36782
7067.2,0.3911,7067.2,0.36805
7078.6,0.39124,7078.6,0.36829
7090,0.39139,7090,0.36852
7101.4,0.39153,7101.4,0.36876
7112.7,0.39166,7112.7,0.36899
7124.1,0.3918,7124.1,0.36922
7135.5,0.39194,7135.5,0.36945
7146.9,0.39207,7146.9,0.36968
7158.3,0.39221,7158.3,0.36991
7169.6,0.39234,7169.6,0.37013
7181,0.39248,7181,0.37036
7192.4,0.39261,7192.4,0.37058
7203.8,0.39274,7203.8,0.37081
7215.2,0.39287,7215.2,0.37103
7226.5,0.393,7226.5,0.37125
7237.9,0.39313,7237.9,0.37147
7249.3,0.39326,7249.3,0.37169
7260.7,0.39338,7260.7,0.3719
7272.1,0.39351,7272.1,0.37212
7283.4,0.39364,7283.4,0.37234
7294.8,0.39376,7294.8,0.37255
7306.2,0.39389,7306.2,0.37276
7317.6,0.39401,7317.6,0.37297
7329,0.39413,7329,0.37318
7340.3,0.39425,7340.3,0.37339
7351.7,0.39437,7351.7,0.3736
7363.1,0.39449,7363.1,0.37381
7374.5,0.39461,7374.5,0.37401
7385.9,0.39473,7385.9,0.37422
7397.2,0.39485,7397.2,0.37442
7408.6,0.39496,7408.6,0.37463
7420,0.39508,7420,0.37483
7431.4,0.3952,7431.4,0.37503
7442.8,0.39531,7442.8,0.37523
7454.1,0.39542,7454.1,0.37543
7465.5,0.39554,7465.5,0.37562
7476.9,0.39565,7476.9,0.37582
7488.3,0.39576,7488.3,0.37601
7499.7,0.39587,7499.7,0.37621
7511.1,0.39598,7511.1,0.3764
7522.4,0.39609,7522.4,0.37659
7533.8,0.3962,7533.8,0.37678
7545.2,0.3963,7545.2,0.37697
7556.6,0.39641,7556.6,0.37716
7568,0.39652,7568,0.37735
7579.3,0.39662,7579.3,0.37753
7590.7,0.39673,7590.7,0.37772
7602.1,0.39683,7602.1,0.3779
7613.5,0.39694,7613.5,0.37809
7624.9,0.39704,7624.9,0.37827
7636.2,0.39714,7636.2,0.37845
7647.6,0.39724,7647.6,0.37863
7659,0.39734,7659,0.37881
7670.4,0.39744,7670.4,0.37899
7681.8,0.39754,7681.8,0.37917
7693.1,0.39764,7693.1,0.37935
7704.5,0.39774,7704.5,0.37952
7715.9,0.39784,7715.9,0.3797
7727.3,0.39794,7727.3,0.37988
7738.7,0.39803,7738.7,0.38005
7750,0.39813,7750,0.38023
7761.4,0.39822,7761.4,0.3804
7772.8,0.39832,7772.8,0.38058
7784.2,0.39841,7784.2,0.38075
7795.6,0.39851,7795.6,0.38092
7806.9,0.3986,7806.9,0.38109
7818.3,0.39869,7818.3,0.38126
7829.7,0.39878,7829.7,0.38143
7841.1,0.39887,7841.1,0.38159
7852.5,0.39897,7852.5,0.38176
7863.8,0.39906,7863.8,0.38193
7875.2,0.39915,7875.2,0.38209
7886.6,0.39924,7886.6,0.38226
7898,0.39932,7898,0.38242
7909.4,0.39941,7909.4,0.38258
7920.7,0.3995,7920.7,0.38274
7932.1,0.39959,7932.1,0.38291
7943.5,0.39967,7943.5,0.38307
7954.9,0.39976,7954.9,0.38322
7966.3,0.39985,7966.3,0.38338
7977.6,0.39993,7977.6,0.38354
7989,0.40002,7989,0.3837
8000.4,0.4001,8000.4,0.38385
8011.8,0.40019,8011.8,0.38401
8023.2,0.40027,8023.2,0.38416
8034.5,0.40035,8034.5,0.38432
8045.9,0.40043,8045.9,0.38447
8057.3,0.40052,8057.3,0.38462
8068.7,0.4006,8068.7,0.38477
8080.1,0.40068,8080.1,0.38492
8091.5,0.40076,8091.5,0.38507
8102.8,0.40084,8102.8,0.38522
8114.2,0.40092,8114.2,0.38537
8125.6,0.401,8125.6,0.38551
8137,0.40108,8137,0.38566
8148.4,0.40115,8148.4,0.38581
8159.7,0.40122,8159.7,0.38595
8171.1,0.4013,8171.1,0.38609
8182.5,0.40137,8182.5,0.38624
8193.9,0.40144,8193.9,0.38638
8205.3,0.40151,8205.3,0.38652
8216.6,0.40158,8216.6,0.38666
8228,0.40165,8228,0.3868
8239.4,0.40172,8239.4,0.38694
8250.8,0.40179,8250.8,0.38708
8262.2,0.40186,8262.2,0.38722
8273.5,0.40193,8273.5,0.38736
8284.9,0.40199,8284.9,0.38749
8296.3,0.40206,8296.3,0.38763
8307.7,0.40213,8307.7,0.38776
8319.1,0.40219,8319.1,0.3879
8330.4,0.40226,8330.4,0.38803
8341.8,0.40232,8341.8,0.38817
8353.2,0.40239,8353.2,0.3883
8364.6,0.40245,8364.6,0.38843
8376,0.40251,8376,0.38856
8387.3,0.40258,8387.3,0.38869
8398.7,0.40264,8398.7,0.38882
8410.1,0.4027,8410.1,0.38895
8421.5,0.40277,8421.5,0.38908
8432.9,0.40283,8432.9,0.3892
8444.2,0.40289,8444.2,0.38933
8455.6,0.40295,8455.6,0.38946
8467,0.40301,8467,0.38958
8478.4,0.40307,8478.4,0.38971
8489.8,0.40313,8489.8,0.38983
8501.1,0.40319,8501.1,0.38995
8512.5,0.40325,8512.5,0.39008
8523.9,0.4033,8523.9,0.3902
8535.3,0.40336,8535.3,0.39032
8546.7,0.40342,8546.7,0.39044
8558,0.40348,8558,0.39056
8569.4,0.40353,8569.4,0.39068
8580.8,0.40359,8580.8,0.3908
8592.2,0.40365,8592.2,0.39092
8603.6,0.4037,8603.6,0.39104
8614.9,0.40376,8614.9,0.39115
8626.3,0.40381,8626.3,0.39127
8637.7,0.40387,8637.7,0.39138
8649.1,0.40392,8649.1,0.3915
8660.5,0.40398,8660.5,0.39161
8671.8,0.40403,8671.8,0.39173
8683.2,0.40408,8683.2,0.39184
8694.6,0.40414,8694.6,0.39195
8706,0.40419,8706,0.39206
8717.4,0.40424,8717.4,0.39217
8728.8,0.40429,8728.8,0.39228
8740.1,0.40434,8740.1,0.39239
8751.5,0.4044,8751.5,0.3925
8762.9,0.40445,8762.9,0.39261
8774.3,0.4045,8774.3,0.39272
8785.7,0.40455,8785.7,0.39283
8797,0.4046,8797,0.39294
8808.4,0.40465,8808.4,0.39304
8819.8,0.4047,8819.8,0.39315
8831.2,0.40475,8831.2,0.39325
8842.6,0.4048,8842.6,0.39336
8853.9,0.40485,8853.9,0.39346
8865.3,0.4049,8865.3,0.39357
8876.7,0.40495,8876.7,0.39367
8888.1,0.40499,8888.1,0.39377
8899.5,0.40504,8899.5,0.39387
8910.8,0.40509,8910.8,0.39397
8922.2,0.40514,8922.2,0.39407
8933.6,0.40519,8933.6,0.39418
8945,0.40523,8945,0.39428
8956.4,0.40528,8956.4,0.39437
8967.7,0.40533,8967.7,0.39447
8979.1,0.40537,8979.1,0.39457
8990.5,0.40542,8990.5,0.39467
9001.9,0.40547,9001.9,0.39477
9013.3,0.40551,9013.3,0.39486
9024.6,0.40556,9024.6,0.39496
9036,0.4056,9036,0.39505
9047.4,0.40565,9047.4,0.39515
9058.8,0.4057,9058.8,0.39524
9070.2,0.40574,9070.2,0.39534
9081.5,0.40579,9081.5,0.39543
9092.9,0.40583,9092.9,0.39553
9104.3,0.40588,9104.3,0.39562
9115.7,0.40592,9115.7,0.39571
9127.1,0.40596,9127.1,0.3958
9138.4,0.40601,9138.4,0.39589
9149.8,0.40605,9149.8,0.39599
9161.2,0.4061,9161.2,0.39608
9172.6,0.40614,9172.6,0.39617
9184,0.40619,9184,0.39626
9195.3,0.40623,9195.3,0.39634
9206.7,0.40627,9206.7,0.39643
9218.1,0.40632,9218.1,0.39652
9229.5,0.40636,9229.5,0.39661
9240.9,0.4064,9240.9,0.3967
9252.2,0.40645,9252.2,0.39678
9263.6,0.40649,9263.6,0.39687
9275,0.40653,9275,0.39696
9286.4,0.40656,9286.4,0.39704
9297.8,0.4066,9297.8,0.39713
9309.2,0.40664,9309.2,0.39721
9320.5,0.40667,9320.5,0.3973
9331.9,0.40671,9331.9,0.39738
9343.3,0.40674,9343.3,0.39746
9354.7,0.40678,9354.7,0.39755
9366.1,0.40681,9366.1,0.39763
9377.4,0.40685,9377.4,0.39771
9388.8,0.40688,9388.8,0.39779
9400.2,0.40691,9400.2,0.39787
9411.6,0.40695,9411.6,0.39796
9423,0.40698,9423,0.39804
9434.3,0.40701,9434.3,0.39812
9445.7,0.40705,9445.7,0.3982
9457.1,0.40708,9457.1,0.39828
9468.5,0.40711,9468.5,0.39836
9479.9,0.40714,9479.9,0.39843
9491.2,0.40718,9491.2,0.39851
9502.6,0.40721,9502.6,0.39859
9514,0.40724,9514,0.39867
9525.4,0.40727,9525.4,0.39874
9536.8,0.4073,9536.8,0.39882
9548.1,0.40733,9548.1,0.39889
9559.5,0.40736,9559.5,0.39897
9570.9,0.40739,9570.9,0.39904
9582.3,0.40742,9582.3,0.39911
9593.7,0.40745,9593.7,0.39919
9605,0.40748,9605,0.39926
9616.4,0.40751,9616.4,0.39933
9627.8,0.40754,9627.8,0.3994
9639.2,0.40757,9639.2,0.39948
9650.6,0.4076,9650.6,0.39955
9661.9,0.40763,9661.9,0.39962
9673.3,0.40766,9673.3,0.39969
9684.7,0.40769,9684.7,0.39976
9696.1,0.40772,9696.1,0.39983
9707.5,0.40775,9707.5,0.3999
9718.8,0.40777,9718.8,0.39996
9730.2,0.4078,9730.2,0.40003
9741.6,0.40783,9741.6,0.4001
9753,0.40786,9753,0.40017
9764.4,0.40789,9764.4,0.40024
9775.7,0.40791,9775.7,0.4003
9787.1,0.40794,9787.1,0.40037
9798.5,0.40797,9798.5,0.40044
9809.9,0.40799,9809.9,0.4005
9821.3,0.40802,9821.3,0.40057
9832.6,0.40805,9832.6,0.40063
9844,0.40807,9844,0.4007
9855.4,0.4081,9855.4,0.40076
9866.8,0.40813,9866.8,0.40083
9878.2,0.40815,9878.2,0.40089
9889.6,0.40818,9889.6,0.40095
9900.9,0.40821,9900.9,0.40102
9912.3,0.40823,9912.3,0.40108
9923.7,0.40826,9923.7,0.40114
9935.1,0.40828,9935.1,0.40121
9946.5,0.40831,9946.5,0.40127
9957.8,0.40833,9957.8,0.40133
9969.2,0.40836,9969.2,0.40139
9980.6,0.40838,9980.6,0.40145
9992,0.40841,9992,0.40151
10003,0.40843,10003,0.40157
10015,0.40846,10015,0.40163
10026,0.40848,10026,0.40169
10037,0.40851,10037,0.40175
10049,0.40853,10049,0.40181
10060,0.40856,10060,0.40187
10072,0.40858,10072,0.40193
10083,0.40861,10083,0.40199
10094,0.40863,10094,0.40205
10106,0.40865,10106,0.4021
10117,0.40868,10117,0.40216
10129,0.4087,10129,0.40222
10140,0.40873,10140,0.40228
10151,0.40875,10151,0.40233
10163,0.40877,10163,0.40239
10174,0.4088,10174,0.40244
10185,0.40882,10185,0.4025
10197,0.40885,10197,0.40256
10208,0.40887,10208,0.40261
10220,0.40889,10220,0.40267
10231,0.40892,10231,0.40272
10242,0.40894,10242,0.40278
10254,0.40896,10254,0.40283
10265,0.40899,10265,0.40288
10276,0.40901,10276,0.40294
10288,0.40903,10288,0.40299
10299,0.40906,10299,0.40305
10311,0.40908,10311,0.4031
10322,0.4091,10322,0.40315
10333,0.40913,10333,0.40321
10345,0.40915,10345,0.40326
10356,0.40917,10356,0.40331
10368,0.4092,10368,0.40336
10379,0.40922,10379,0.40341
10390,0.40924,10390,0.40347
10402,0.40927,10402,0.40352
10413,0.40929,10413,0.40357
10424,0.40931,10424,0.40362
10436,0.40932,10436,0.40367
10447,0.40934,10447,0.40371
10459,0.40936,10459,0.40376
10470,0.40938,10470,0.40381
10481,0.4094,10481,0.40386
10493,0.40942,10493,0.40391
10504,0.40944,10504,0.40395
10515,0.40946,10515,0.404
10527,0.40948,10527,0.40405
10538,0.40949,10538,0.40409
10550,0.40951,10550,0.40414
10561,0.40953,10561,0.40418
10572,0.40955,10572,0.40423
10584,0.40957,10584,0.40428
10595,0.40958,10595,0.40432
10607,0.4096,10607,0.40437
10618,0.40962,10618,0.40441
10629,0.40964,10629,0.40445
10641,0.40965,10641,0.4045
10652,0.40967,10652,0.40454
10663,0.40969,10663,0.40459
10675,0.4097,10675,0.40463
10686,0.40972,10686,0.40467
10698,0.40974,10698,0.40471
10709,0.40975,10709,0.40476
10720,0.40977,10720,0.4048
10732,0.40979,10732,0.40484
10743,0.4098,10743,0.40488
10754,0.40982,10754,0.40493
10766,0.40984,10766,0.40497
10777,0.40985,10777,0.40501
10789,0.40987,10789,0.40505
10800,0.40988,10800,0.40509
10811,0.4099,10811,0.40513
10823,0.40992,10823,0.40517
10834,0.40993,10834,0.40521
10846,0.40995,10846,0.40525
10857,0.40996,10857,0.40529
10868,0.40998,10868,0.40533
10880,0.40999,10880,0.40537
10891,0.41001,10891,0.40541
10902,0.41002,10902,0.40545
10914,0.41004,10914,0.40549
10925,0.41005,10925,0.40553
10937,0.41007,10937,0.40556
10948,0.41008,10948,0.4056
10959,0.4101,10959,0.40564
10971,0.41011,10971,0.40568
10982,0.41013,10982,0.40572
10993,0.41014,10993,0.40575
11005,0.41016,11005,0.40579
11016,0.41017,11016,0.40583
11028,0.41019,11028,0.40586
11039,0.4102,11039,0.4059
11050,0.41021,11050,0.40594
11062,0.41023,11062,0.40597
11073,0.41024,11073,0.40601
11084,0.41026,11084,0.40605
11096,0.41027,11096,0.40608
11107,0.41029,11107,0.40612
11119,0.4103,11119,0.40615
11130,0.41031,11130,0.40619
11141,0.41033,11141,0.40622
11153,0.41034,11153,0.40626
11164,0.41035,11164,0.40629
11176,0.41037,11176,0.40633
11187,0.41038,11187,0.40636
11198,0.4104,11198,0.4064
11210,0.41041,11210,0.40643
11221,0.41042,11221,0.40646
11232,0.41044,11232,0.4065
11244,0.41045,11244,0.40653
11255,0.41046,11255,0.40657
11267,0.41048,11267,0.4066
11278,0.41049,11278,0.40663
11289,0.4105,11289,0.40667
11301,0.41052,11301,0.4067
11312,0.41053,11312,0.40673
11323,0.41054,11323,0.40677
11335,0.41056,11335,0.4068
11346,0.41057,11346,0.40683
11358,0.41058,11358,0.40686
11369,0.4106,11369,0.40689
